8.0028 0.0473747 -0.0349426
8.0028 0.0473747 -0.0349426
8.01119 0.0475172 -0.0350476
8.01727 0.0477922 -0.0352505
8.02326 0.0481966 -0.0355488
8.02917 0.0487134 -0.0359299
8.03506 0.0493247 -0.0363808
8.041 0.0500091 -0.0368856
8.04714 0.0507383 -0.0374235
8.0537 0.0514722 -0.0379648
8.06743 0.0525283 -0.0387437
8.07829 0.0527034 -0.0388728
8.08445 0.0525453 -0.0387563
8.09028 0.0522506 -0.0385389
8.09607 0.0518423 -0.0382377
8.10188 0.0513402 -0.0378674
8.10772 0.0507606 -0.0374399
8.11362 0.0501171 -0.0369653
8.11958 0.0494207 -0.0364516
8.12561 0.0486806 -0.0359057
8.13172 0.0479043 -0.0353332
8.13791 0.0470981 -0.0347386
8.14418 0.0462671 -0.0341256
8.15054 0.0454154 -0.0334974
8.15699 0.0445463 -0.0328564
8.16354 0.0436625 -0.0322045
8.17018 0.042766 -0.0315432
8.1774 0.0417934 -0.0308259
8.18559 0.0406966 -0.0300169
8.19505 0.0394388 -0.0290892
8.20634 0.037952 -0.0279926
8.22057 0.0361001 -0.0266266
8.24058 0.0335302 -0.0247312
8.2788 0.0286185 -0.0211084
8.32771 0.0209718 -0.0154683
8.33138 0.0199236 -0.0146952
8.33321 0.0190929 -0.0140825
8.33385 0.018238 -0.0134519
8.33295 0.017386 -0.0128236
8.3307 0.0166589 -0.0122873
8.32756 0.0160504 -0.0118384
8.3238 0.015526 -0.0114516
8.31954 0.0150634 -0.0111104
8.31489 0.0146482 -0.0108042
8.30991 0.0142706 -0.0105257
8.30463 0.0139235 -0.0102697
8.2991 0.0136016 -0.0100322
8.29333 0.0133009 -0.00981042
8.28736 0.0130181 -0.00960184
8.28118 0.0127506 -0.00940456
8.27482 0.0124963 -0.00921698
8.26828 0.0122532 -0.00903772
8.26157 0.0120199 -0.0088656
8.2538 0.0117668 -0.00867892
8.24424 0.0114756 -0.00846413
8.23199 0.0111284 -0.00820805
8.21512 0.0106856 -0.00788149
8.18825 0.0100337 -0.00740061
8.121 0.00846431 -0.00624309
8.04754 0.00641221 -0.0047295
8.02913 0.00578173 -0.00426448
8.01549 0.00527762 -0.00389266
7.99936 0.00464518 -0.00342619
7.97495 0.00363372 -0.00268015
7.91425 0.00110423 -0.000814455
7.89989 0.000541067 -0.000399079
7.87299 -0.000470339 0.000346912
7.84513 -0.00148382 0.00109444
7.79149 -0.00366277 0.00270158
7.78451 -0.00405151 0.0029883
7.78021 -0.00433438 0.00319695
7.77646 -0.00463053 0.00341538
7.77332 -0.00494822 0.0036497
7.77095 -0.00529573 0.00390602
7.76957 -0.00568555 0.00419354
7.76957 -0.00613567 0.00452553
7.77121 -0.00659763 0.00486627
7.77393 -0.00701353 0.00517303
7.7774 -0.00740069 0.00545859
7.78142 -0.00777018 0.00573111
7.78591 -0.00812868 0.00599554
7.79078 -0.00848072 0.00625519
7.79599 -0.0088296 0.00651252
7.80151 -0.00917795 0.00676946
7.80731 -0.00952803 0.00702766
7.81339 -0.00988189 0.00728866
7.81975 -0.0102416 0.00755396
7.82638 -0.0106093 0.00782517
7.83478 -0.0110676 0.00816325
7.84754 -0.011754 0.00866952
7.87321 -0.0131247 0.00968046
7.92218 -0.0156882 0.0115713
7.9326 -0.0161786 0.011933
7.93837 -0.0164254 0.012115
7.94395 -0.0166395 0.012273
7.94942 -0.0168182 0.0124047
7.95479 -0.0169545 0.0125053
7.96006 -0.0170406 0.0125687
7.96527 -0.017067 0.0125882
7.97043 -0.0170234 0.0125561
7.97558 -0.0168984 0.0124639
7.98077 -0.0166805 0.0123032
7.98608 -0.0163592 0.0120662
7.99157 -0.0159276 0.0117478
7.99734 -0.0153857 0.0113481
8.00348 -0.0147478 0.0108777
8.00996 -0.014056 0.0103674
8.01636 -0.0134 0.00988357
8.02211 -0.0128727 0.0094946
8.02699 -0.0125003 0.00921991
8.03103 -0.0122787 0.00905651
8.03423 -0.012207 0.00900359
8.03654 -0.0122965 0.0090696
8.03785 -0.0125759 0.00927572
8.03798 -0.0130941 0.0096579
8.03691 -0.0138283 0.0101995
8.03505 -0.014703 0.0108446
8.03272 -0.0157386 0.0116084
8.03087 -0.0168816 0.0124515
8.03352 -0.0167431 0.0123493
8.03669 -0.0161771 0.0119319
8.04016 -0.015513 0.011442
8.04405 -0.0147649 0.0108903
8.04833 -0.0139561 0.0102937
8.05302 -0.0130914 0.00965595
8.0582 -0.0121478 0.00895995
8.06597 -0.0106805 0.00787769
8.06984 -0.00977954 0.00721317
8.07117 -0.00919537 0.0067823
8.07055 -0.00875014 0.00645391
8.06834 -0.00848292 0.00625682
8.06525 -0.00833689 0.00614911
8.06151 -0.00826633 0.00609706
8.05723 -0.00825118 0.00608589
8.05244 -0.00828099 0.00610788
8.04716 -0.00834988 0.00615869
8.04133 -0.00845462 0.00623594
8.03475 -0.00859415 0.00633885
8.01564 -0.00897787 0.00662188
8.00803 -0.00902482 0.00665651
8.00228 -0.00896454 0.00661204
7.99636 -0.00878611 0.00648044
7.98982 -0.0084421 0.00622671
7.98265 -0.00791482 0.0058378
7.97651 -0.00738446 0.00544662
7.97059 -0.0068398 0.00504489
7.96464 -0.00628187 0.00463337
7.95843 -0.00570142 0.00420524
7.94849 -0.00476919 0.00351765
7.93866 -0.00374341 0.00276106
7.93574 -0.00330762 0.00243963
7.93468 -0.00296543 0.00218724
7.93536 -0.00264636 0.0019519
7.93751 -0.00240522 0.00177404
7.94054 -0.00221772 0.00163574
7.94423 -0.00206012 0.0015195
7.94852 -0.00191997 0.00141613
7.95337 -0.00178845 0.00131912
7.95886 -0.00165666 0.00122191
7.9653 -0.00150957 0.00111342
7.97956 -0.00114305 0.000843088
7.98491 -0.000960897 0.000708736
7.98916 -0.000783897 0.000578185
7.9932 -0.000581615 0.000428986
7.99731 -0.000344443 0.000254053
8.00188 -6.02325e-05 4.44261e-05
8.00785 0.000308154 -0.000227288
8.01345 0.000676353 -0.000498863
8.01672 0.00102836 -0.000758495
8.01736 0.00134704 -0.000993548
8.01637 0.00170161 -0.00125507
8.0145 0.00207113 -0.00152762
8.01213 0.00250105 -0.00184472
8.01044 0.00286372 -0.00211222
8.01052 0.00297474 -0.0021941
8.01228 0.00283679 -0.00209236
8.01454 0.00262108 -0.00193325
8.01698 0.00238402 -0.0017584
8.01823 0.00222356 -0.00164005
8.01654 0.00225335 -0.00166202
8.01382 0.00238402 -0.0017584
8.01049 0.00257432 -0.00189876
8.00633 0.00283409 -0.00209036
8.00181 0.00306706 -0.0022622
7.99788 0.00307308 -0.00226663
7.99393 0.00281771 -0.00207828
7.98983 0.00242671 -0.00178989
7.98621 0.00206523 -0.00152327
7.98326 0.00173921 -0.0012828
7.98307 0.00157341 -0.00116051
7.98491 0.00154889 -0.00114243
7.98749 0.00158135 -0.00116637
7.99075 0.00164484 -0.0012132
7.99426 0.00168892 -0.00124571
7.99673 0.00161926 -0.00119433
7.99841 0.00141831 -0.00104611
7.99971 0.00113997 -0.000840815
8.00086 0.000864462 -0.000637608
8.00182 0.000646448 -0.000476806
8.00241 0.000498707 -0.000367835
8.00257 0.000405363 -0.000298987
8.00248 0.000339801 -0.00025063
8.00244 0.00027726 -0.000204501
8.00271 0.00020368 -0.00015023
8.00343 0.000119431 -8.80897e-05
8.00454 3.38785e-05 -2.4988e-05
8.00574 -4.56358e-05 3.366e-05
8.0064 -0.000120439 8.8833e-05
8.00604 -0.000198303 0.000146264
8.00472 -0.000285664 0.0002107
8.00301 -0.000379124 0.000279634
8.00146 -0.000461608 0.000340472
8.00019 -0.000509629 0.000375891
7.99905 -0.000510481 0.00037652
7.99789 -0.000474308 0.000349839
7.99673 -0.000428084 0.000315745
7.9959 -0.000398843 0.000294178
7.99575 -0.000402115 0.000296591
7.99633 -0.000439156 0.000323912
7.99727 -0.000496811 0.000366437
7.99815 -0.000549101 0.000405005
7.99876 -0.000566966 0.000418182
7.99911 -0.000536054 0.000395382
7.99928 -0.000467517 0.00034483
7.99938 -0.000389346 0.000287173
7.99951 -0.000327488 0.000241548
7.9997 -0.000294555 0.000217257
7.99992 -0.000289774 0.000213731
8.00015 -0.000302565 0.000223165
8.00035 -0.000315897 0.000232998
8.00057 -0.000312364 0.000230393
8.00087 -0.000283553 0.000209143
8.00127 -0.000235238 0.000173506
8.00172 -0.000182035 0.000134265
8.00205 -0.000136824 0.000100918
8.00208 -0.000104868 7.73481e-05
8.00176 -8.47813e-05 6.25328e-05
8.00124 -7.19335e-05 5.30566e-05
8.00074 -6.11561e-05 4.51074e-05
8.00033 -4.86769e-05 3.5903e-05
8.00001 -3.34283e-05 2.4656e-05
7.99971 -1.68231e-05 1.24083e-05
7.99943 -8.44023e-07 6.22533e-07
7.99918 1.38562e-05 -1.022e-05
7.99908 2.82603e-05 -2.08441e-05
7.99914 4.38274e-05 -3.23261e-05
7.99932 6.08363e-05 -4.48715e-05
7.9995 7.71854e-05 -5.69302e-05
7.99963 8.88348e-05 -6.55226e-05
7.99969 9.24304e-05 -6.81746e-05
7.99968 8.82178e-05 -6.50675e-05
7.99965 8.02399e-05 -5.91832e-05
7.99962 7.36989e-05 -5.43587e-05
7.99965 7.22994e-05 -5.33265e-05
7.99974 7.72437e-05 -5.69733e-05
7.99986 8.71126e-05 -6.42523e-05
7.99998 9.79128e-05 -7.22184e-05
8.00009 0.00010418 -7.68406e-05
8.0002 0.000101906 -7.51634e-05
8.00033 9.1416e-05 -6.74265e-05
8.00047 7.71198e-05 -5.68819e-05
8.0006 6.43121e-05 -4.74352e-05
8.00064 5.63186e-05 -4.15393e-05
8.00059 5.38388e-05 -3.97103e-05
